File: C:\MED-PC\Data\2023-07-12_11h05m_Subject 138.txt


Start Date: 07/12/23
End Date: 07/12/23
Subject: 138
Experiment: 0
Group: 0
Box: 3
Start Time: 11:05:10
End Time: 12:00:21
MSN: CF_CD-ID-ED-V1
A:       6.000
B:      12.000
C:       4.000
D:      11.000
E:       0.000
H:       0.000
I:     179.000
N:      28.000
R:       0.000
T:    2936.510
U:       0.000
V:       0.000
F:
     0:        0.000        0.000        3.000        2.000        1.000
     5:        3.000        0.000        4.000        1.000        0.000
    10:        0.000        2.000        2.000        4.000        0.000
    15:        1.000        3.000        1.000        3.000        2.000
    20:        4.000        2.000        3.000        4.000        1.000
    25:        4.000        2.000        3.000        1.000        3.000
    30:        1.000        0.000        2.000        4.000        4.000
    35:        1.000        2.000        3.000        4.000        1.000
    40:        3.000        2.000        0.000        4.000        1.000
    45:        3.000        0.000        2.000        2.000        3.000
    50:        4.000        1.000        3.000        4.000        2.000
    55:        1.000        2.000        1.000        4.000        0.000
    60:        3.000        2.000        4.000        3.000        0.000
    65:        1.000        1.000        0.000        2.000        4.000
    70:        3.000        2.000        4.000        1.000        3.000
    75:        1.000        2.000        4.000        3.000        2.000
    80:        0.000        4.000        3.000        1.000        3.000
    85:        2.000        1.000        4.000        2.000        3.000
    90:        4.000        1.000        0.000        1.000        3.000
    95:        2.000        4.000        3.000        0.000        1.000
   100:        0.000        2.000        4.000        1.000        3.000
   105:        4.000        2.000        4.000        1.000        2.000
   110:        3.000        1.000        0.000        0.000        0.000
   115:        0.000        3.000        2.000        4.000        4.000
   120:        2.000        1.000        3.000        0.000        4.000
   125:        0.000        2.000        3.000        0.000        1.000
   130:        4.000        2.000        1.000        3.000        1.000
   135:        2.000        3.000        0.000        4.000        0.000
   140:        2.000        3.000        1.000        4.000        2.000
   145:        1.000        3.000        4.000        0.000        2.000
   150:        3.000
G:
     0:      100.000       33.000       67.000        0.000
J:
     0:        0.000        0.000        0.000        0.000        1.000
     5:        1.000        0.000        0.000        1.000        0.000
    10:        0.000        0.000        0.000        0.000        0.000
    15:        1.000        1.000        1.000        1.000        0.000
    20:        0.000        0.000        1.000        0.000        1.000
    25:        0.000        0.000        1.000        1.000        1.000
    30:        1.000        0.000        0.000        0.000        0.000
    35:        1.000        0.000        1.000        0.000        1.000
    40:        1.000        0.000        0.000        0.000        1.000
    45:        1.000        0.000        0.000        0.000        1.000
    50:        0.000        1.000        1.000        0.000        0.000
    55:        1.000        0.000        1.000        0.000        0.000
    60:        1.000        0.000        0.000        1.000        0.000
    65:        1.000        1.000        0.000        0.000        0.000
    70:        1.000        0.000        0.000        1.000        1.000
    75:        1.000        0.000        0.000        1.000        0.000
    80:        0.000        0.000        1.000        1.000        1.000
    85:        0.000        1.000        0.000        0.000        1.000
    90:        0.000        1.000        0.000        1.000        1.000
    95:        0.000        0.000        1.000        0.000        1.000
   100:        1.000
K:
     0:        0.000        0.000        0.000        2.000        1.000
     5:        1.000        0.000        2.000        2.000        0.000
    10:        0.000        2.000        2.000        1.000        0.000
    15:        2.000        1.000        1.000        1.000        1.000
    20:        2.000        1.000        1.000        2.000        2.000
    25:        1.000        1.000        1.000        2.000        0.000
    30:        2.000        0.000        1.000        2.000        1.000
    35:        1.000        2.000        2.000        2.000        2.000
    40:        1.000        1.000        0.000        1.000        2.000
    45:        2.000        0.000        2.000        1.000        2.000
    50:        0.000        0.000        2.000        1.000        2.000
    55:        2.000        2.000        2.000        0.000        0.000
    60:        1.000        1.000        2.000        2.000        0.000
    65:        2.000        2.000        0.000        2.000        2.000
    70:        2.000        1.000        1.000        2.000        2.000
    75:        1.000        2.000        1.000        2.000        1.000
    80:        0.000        2.000        1.000        2.000        1.000
    85:        2.000        2.000        2.000        1.000        1.000
    90:        2.000        2.000        0.000        2.000        2.000
    95:        1.000        2.000        2.000        0.000        1.000
   100:        0.000        2.000        2.000        1.000        2.000
   105:        1.000        2.000        2.000        1.000        2.000
   110:        2.000        1.000        0.000        0.000        0.000
   115:        0.000        2.000        1.000        2.000        2.000
   120:        1.000        2.000        2.000        0.000        1.000
   125:        0.000        2.000        1.000        0.000        2.000
   130:        2.000        1.000        2.000        2.000        1.000
   135:        2.000        2.000        0.000        1.000        0.000
   140:        2.000        1.000        1.000        2.000        2.000
   145:        2.000        2.000        1.000        0.000        2.000
   150:        2.000
L:
     0:        0.000        0.000        0.000        3.000        3.000
     5:        5.000        0.000        5.000        3.000        0.000
    10:        0.000        3.000        3.000        5.000        0.000
    15:        3.000        5.000        3.000        5.000        3.000
    20:        5.000        3.000        5.000        5.000        3.000
    25:        5.000        3.000        5.000        3.000        5.000
    30:        3.000        0.000        3.000        5.000        5.000
    35:        3.000        3.000        5.000        5.000        3.000
    40:        5.000        3.000        0.000        5.000        3.000
    45:        5.000        0.000        3.000        3.000        5.000
    50:        5.000        3.000        5.000        5.000        3.000
    55:        3.000        3.000        3.000        5.000        0.000
    60:        5.000        3.000        5.000        5.000        0.000
    65:        3.000        3.000        0.000        3.000        5.000
    70:        5.000        3.000        5.000        3.000        5.000
    75:        3.000        3.000        5.000        5.000        3.000
    80:        0.000        5.000        5.000        3.000        5.000
    85:        3.000        3.000        5.000        3.000        5.000
    90:        5.000        3.000        0.000        3.000        5.000
    95:        3.000        5.000        5.000        0.000        3.000
   100:        0.000        3.000        5.000        3.000        5.000
   105:        5.000        3.000        5.000        3.000        3.000
   110:        5.000        3.000        0.000        0.000        0.000
   115:        0.000        5.000        3.000        5.000        5.000
   120:        3.000        3.000        5.000        0.000        5.000
   125:        0.000        3.000        5.000        0.000        3.000
   130:        5.000        3.000        3.000        5.000        3.000
   135:        3.000        5.000        0.000        1.000        0.000
   140:        3.000        1.000        3.000        1.000        3.000
   145:        3.000        1.000        1.000        0.000        3.000
   150:        1.000
M:
     0:        5.000        0.000        0.000        0.000
O:
     0:        0.000        0.000        1.000        1.000        0.000
     5:        0.000        0.000        1.000        0.000        0.000
    10:        0.000        1.000        1.000        1.000        0.000
    15:        0.000        0.000        0.000        0.000        1.000
    20:        1.000        1.000        0.000        1.000        0.000
    25:        1.000        1.000        0.000        0.000        0.000
    30:        0.000        0.000        1.000        1.000        1.000
    35:        0.000        1.000        0.000        1.000        0.000
    40:        0.000        1.000        0.000        1.000        0.000
    45:        0.000        0.000        1.000        1.000        0.000
    50:        1.000        0.000        0.000        1.000        1.000
    55:        0.000        1.000        0.000        1.000        0.000
    60:        0.000        1.000        1.000        0.000        0.000
    65:        0.000        0.000        0.000        1.000        1.000
    70:        0.000        1.000        1.000        0.000        0.000
    75:        0.000        1.000        1.000        0.000        1.000
    80:        0.000        1.000        0.000        0.000        0.000
    85:        1.000        0.000        1.000        1.000        0.000
    90:        1.000        0.000        0.000        0.000        0.000
    95:        1.000        1.000        0.000        0.000        0.000
   100:        1.000
P:
     0:        0.000        0.000        0.000        0.000
Q:
     0:        0.000      178.000      171.000        1.000
S:
     0:        0.000        0.000        5.000        1.000        4.000
     5:        4.000        0.000        1.000        4.000        0.000
    10:        0.000        1.000        1.000        1.000        0.000
    15:        4.000        4.000        4.000        4.000        1.000
    20:        1.000        1.000        4.000        1.000        4.000
    25:        1.000        1.000        4.000        4.000        4.000
    30:        4.000        0.000        1.000        1.000        1.000
    35:        4.000        1.000        4.000        1.000        4.000
    40:        4.000        1.000        0.000        1.000        4.000
    45:        4.000        0.000        1.000        1.000        4.000
    50:        1.000        4.000        4.000        1.000        1.000
    55:        4.000        1.000        4.000        1.000        0.000
    60:        4.000        1.000        1.000        4.000        0.000
    65:        4.000        4.000        0.000        1.000        1.000
    70:        4.000        1.000        1.000        4.000        4.000
    75:        4.000        1.000        1.000        4.000        1.000
    80:        0.000        1.000        4.000        4.000        4.000
    85:        1.000        4.000        1.000        1.000        4.000
    90:        1.000        4.000        0.000        4.000        4.000
    95:        1.000        1.000        4.000        0.000        4.000
   100:        0.000        1.000        1.000        4.000        4.000
   105:        1.000        1.000        1.000        4.000        1.000
   110:        4.000        4.000        0.000        0.000        0.000
   115:        0.000        4.000        1.000        1.000        1.000
   120:        1.000        4.000        4.000        0.000        1.000
   125:        0.000        1.000        4.000        0.000        4.000
   130:        1.000        1.000        4.000        4.000        4.000
   135:        1.000        4.000        0.000        2.000        0.000
   140:        2.000        3.000        3.000        2.000        2.000
   145:        3.000        3.000        2.000        0.000        2.000
   150:        3.000
W:
     0:       77.000       40.000       37.000        0.000
X:
     0:        3.000        4.000        5.000        6.000        7.000
     5:        8.000
Y:
     0:        9.000       10.000       11.000       12.000       13.000
     5:       14.000
Z:
     0:        1.000        2.000        3.000        4.000
